#          omega_b,        omega_cdm,      100*theta_s,         tau_reio,          epsilon,                c,          A_s_inf,        A_cib_217,        xi_sz_cib,             A_sz,     ps_A_100_100,     ps_A_143_143,     ps_A_143_217,     ps_A_217_217,         ksz_norm,     gal545_A_100,     gal545_A_143, gal545_A_143_217,     gal545_A_217,    galf_TE_A_100, galf_TE_A_100_143, galf_TE_A_100_217,    galf_TE_A_143, galf_TE_A_143_217,    galf_TE_A_217,       calib_100T,       calib_217T,         A_planck
 8.959050e-11	-9.047498e-10	-2.349517e-10	 1.029580e-08	-2.372140e-11	 4.888458e-08	 6.397677e-17	 3.958934e-06	 1.727432e-08	 3.652623e-07	-3.624050e-05	-4.725096e-06	-5.371581e-06	-9.573437e-06	 2.815680e-06	 1.980853e-07	-1.743153e-06	-4.727547e-06	-9.688371e-06	 3.252306e-08	 1.078237e-08	-5.765365e-08	-1.155821e-08	-1.092344e-08	 2.964602e-08	 2.555767e-10	-3.869664e-10	-7.837032e-10	
-9.047498e-10	 1.208050e-08	 2.237129e-09	-1.176385e-07	 3.749513e-10	-4.026330e-07	-6.445208e-16	-4.655212e-05	 9.351502e-09	-6.666763e-06	 3.546202e-04	 3.422723e-05	 4.783828e-05	 1.024381e-04	-2.572597e-05	-1.570683e-06	 1.930896e-05	 4.559558e-05	 1.012136e-04	-2.985876e-07	-1.410287e-08	 6.769021e-07	 3.663222e-07	 4.222313e-07	 2.328745e-07	-3.256074e-09	 5.614267e-09	 1.760099e-08	
-2.349517e-10	 2.237129e-09	 6.224071e-10	-2.637144e-08	 5.597333e-11	-1.323933e-07	-1.678515e-16	-1.007963e-05	-5.376770e-08	-8.207349e-07	 9.556428e-05	 1.301294e-05	 1.438214e-05	 2.484116e-05	-7.508904e-06	-5.392728e-07	 4.492884e-06	 1.249689e-05	 2.525244e-05	-8.666697e-08	-3.264257e-08	 1.468365e-07	 1.881516e-08	 1.428007e-08	-1.022624e-07	-6.391582e-10	 9.362265e-10	 1.609110e-09	
 1.029580e-08	-1.176385e-07	-2.637144e-08	 1.246626e-06	-3.354563e-09	 5.195260e-06	 7.344997e-15	 4.854692e-04	 1.132006e-06	 5.579994e-05	-4.112038e-03	-4.803918e-04	-5.875614e-04	-1.126916e-03	 3.110059e-04	 2.076938e-05	-2.082402e-04	-5.333286e-04	-1.129053e-03	 3.598995e-06	 7.991390e-07	-7.065055e-06	-2.486875e-06	-2.703203e-06	 9.362687e-07	 3.250463e-08	-5.239126e-08	-1.350272e-07	
-2.372140e-11	 3.749513e-10	 5.597333e-11	-3.354563e-09	 4.217523e-11	-1.389213e-08	-2.300533e-17	-1.630038e-06	 1.384474e-08	-2.296763e-07	 1.035983e-05	 8.917810e-07	 1.551589e-06	 3.269693e-06	-7.389078e-07	-4.541005e-09	 6.590065e-07	 1.452317e-06	 3.239105e-06	-8.206499e-09	 1.047209e-09	 2.536221e-08	 1.606715e-08	 1.972594e-08	 2.442854e-08	-1.125284e-10	 1.848883e-10	 6.573214e-10	
 4.888458e-08	-4.026330e-07	-1.323933e-07	 5.195260e-06	-1.389213e-08	 3.132823e-05	 3.621000e-14	 1.998593e-03	 1.442538e-05	 9.921270e-05	-2.043126e-02	-3.039776e-03	-3.224521e-03	-5.146820e-03	 1.662515e-03	 1.264842e-04	-9.167806e-04	-2.710945e-03	-5.277066e-03	 1.883498e-05	 9.161970e-06	-3.023367e-05	 1.534978e-06	 3.397828e-06	 3.157134e-05	 1.226576e-07	-1.586675e-07	-1.170131e-07	
 6.397677e-17	-6.445208e-16	-1.678515e-16	 7.344997e-15	-2.300533e-17	 3.621000e-14	 4.704769e-23	 2.882724e-12	 1.072159e-14	 2.562185e-13	-2.617261e-11	-3.437016e-12	-3.935359e-12	-6.942059e-12	 2.042638e-12	 1.367325e-13	-1.268914e-12	-3.443294e-12	-7.029200e-12	 2.345764e-14	 7.883182e-15	-4.243548e-14	-8.361764e-15	-8.133949e-15	 1.992160e-14	 1.855240e-16	-2.762246e-16	-5.545096e-16	
 3.958934e-06	-4.655212e-05	-1.007963e-05	 4.854692e-04	-1.630038e-06	 1.998593e-03	 2.882724e-12	 1.948792e-01	 2.680972e-04	 2.256207e-02	-1.593869e+00	-1.843386e-01	-2.303811e-01	-4.456940e-01	 1.206540e-01	 7.011774e-03	-8.263160e-02	-2.085391e-01	-4.447959e-01	 1.387877e-03	 2.655435e-04	-2.784481e-03	-1.082153e-03	-1.200480e-03	 1.090268e-04	 1.294865e-05	-2.095380e-05	-5.658062e-05	
 1.727432e-08	 9.351502e-09	-5.376770e-08	 1.132006e-06	 1.384474e-08	 1.442538e-05	 1.072159e-14	 2.680972e-04	 2.290615e-05	-1.414008e-04	-7.251188e-03	-1.609909e-03	-1.290121e-03	-1.379034e-03	 7.058710e-04	 8.751564e-05	-1.847556e-04	-9.693196e-04	-1.525866e-03	 8.185012e-06	 8.198166e-06	-4.371697e-06	 1.415363e-05	 1.852473e-05	 4.109064e-05	 6.171149e-09	 3.151368e-08	 4.643059e-07	
 3.652623e-07	-6.666763e-06	-8.207349e-07	 5.579994e-05	-2.296763e-07	 9.921270e-05	 2.562185e-13	 2.256207e-02	-1.414008e-04	 4.707481e-03	-1.366228e-01	-5.839263e-03	-1.521824e-02	-4.427315e-02	 8.485654e-03	 3.600480e-04	-8.830776e-03	-1.686630e-02	-4.244591e-02	 9.953281e-05	-5.347251e-05	-3.256896e-04	-3.013969e-04	-3.617774e-04	-4.124516e-04	 1.700077e-06	-3.297785e-06	-1.304996e-05	
-3.624050e-05	 3.546202e-04	 9.556428e-05	-4.112038e-03	 1.035983e-05	-2.043126e-02	-2.617261e-11	-1.593869e+00	-7.251188e-03	-1.366228e-01	 1.488634e+01	 2.003111e+00	 2.236197e+00	 3.892419e+00	-1.166373e+00	-8.650727e-02	 7.061434e-01	 1.947819e+00	 3.950838e+00	-1.334319e-02	-4.919243e-03	 2.336052e-02	 3.582326e-03	 3.106243e-03	-1.453936e-02	-1.012414e-04	 1.494104e-04	 2.725152e-04	
-4.725096e-06	 3.422723e-05	 1.301294e-05	-4.803918e-04	 8.917810e-07	-3.039776e-03	-3.437016e-12	-1.843386e-01	-1.609909e-03	-5.839263e-03	 2.003111e+00	 3.240110e-01	 3.250284e-01	 4.922946e-01	-1.651922e-01	-1.204190e-02	 8.633160e-02	 2.652272e-01	 5.070420e-01	-1.871947e-03	-1.021545e-03	 2.610458e-03	-5.549458e-04	-8.764768e-04	-4.206117e-03	-1.041333e-05	 1.247652e-05	-3.982256e-06	
-5.371581e-06	 4.783828e-05	 1.438214e-05	-5.875614e-04	 1.551589e-06	-3.224521e-03	-3.935359e-12	-2.303811e-01	-1.290121e-03	-1.521824e-02	 2.236197e+00	 3.250284e-01	 3.526862e-01	 5.801666e-01	-1.801817e-01	-1.150420e-02	 1.039963e-01	 2.952894e-01	 5.872936e-01	-2.035993e-03	-8.512318e-04	 3.294986e-03	 1.526369e-04	 1.620986e-05	-3.019357e-03	-1.417619e-05	 1.968035e-05	 2.618964e-05	
-9.573437e-06	 1.024381e-04	 2.484116e-05	-1.126916e-03	 3.269693e-06	-5.146820e-03	-6.942059e-12	-4.456940e-01	-1.379034e-03	-4.427315e-02	 3.892419e+00	 4.922946e-01	 5.801666e-01	 1.057416e+00	-3.019992e-01	-1.867853e-02	 1.933661e-01	 5.097660e-01	 1.059725e+00	-3.449786e-03	-9.642166e-04	 6.384288e-03	 1.731035e-03	 1.819441e-03	-2.218232e-03	-2.901213e-05	 4.491294e-05	 1.033183e-04	
 2.815680e-06	-2.572597e-05	-7.508904e-06	 3.110059e-04	-7.389078e-07	 1.662515e-03	 2.042638e-12	 1.206540e-01	 7.058710e-04	 8.485654e-03	-1.166373e+00	-1.651922e-01	-1.801817e-01	-3.019992e-01	 9.337325e-02	 6.763082e-03	-5.413415e-02	-1.534600e-01	-3.065252e-01	 1.059343e-03	 4.391090e-04	-1.758065e-03	-1.201338e-04	-5.285091e-05	 1.480781e-03	 7.523265e-06	-1.061208e-05	-1.525529e-05	
 1.980853e-07	-1.570683e-06	-5.392728e-07	 2.076938e-05	-4.541005e-09	 1.264842e-04	 1.367325e-13	 7.011774e-03	 8.751564e-05	 3.600480e-04	-8.650727e-02	-1.204190e-02	-1.150420e-02	-1.867853e-02	 6.763082e-03	 1.499283e-03	-3.261867e-03	-1.106118e-02	-2.066173e-02	 7.461113e-05	 5.805431e-05	-1.463220e-04	 2.806078e-05	 4.221799e-05	 1.677607e-04	 4.378523e-07	-5.144419e-07	 5.186637e-07	
-1.743153e-06	 1.930896e-05	 4.492884e-06	-2.082402e-04	 6.590065e-07	-9.167806e-04	-1.268914e-12	-8.263160e-02	-1.847556e-04	-8.830776e-03	 7.061434e-01	 8.633160e-02	 1.039963e-01	 1.933661e-01	-5.413415e-02	-3.261867e-03	 3.569471e-02	 9.238064e-02	 1.936916e-01	-6.203806e-04	-1.525760e-04	 1.190655e-03	 3.762313e-04	 4.088740e-04	-2.578611e-04	-5.445844e-06	 8.578040e-06	 2.111505e-05	
-4.727547e-06	 4.559558e-05	 1.249689e-05	-5.333286e-04	 1.452317e-06	-2.710945e-03	-3.443294e-12	-2.085391e-01	-9.693196e-04	-1.686630e-02	 1.947819e+00	 2.652272e-01	 2.952894e-01	 5.097660e-01	-1.534600e-01	-1.106118e-02	 9.238064e-02	 2.563101e-01	 5.181445e-01	-1.755125e-03	-6.627419e-04	 3.048418e-03	 4.203643e-04	 3.496513e-04	-1.966264e-03	-1.315100e-05	 1.914247e-05	 3.358826e-05	
-9.688371e-06	 1.012136e-04	 2.525244e-05	-1.129053e-03	 3.239105e-06	-5.277066e-03	-7.029200e-12	-4.447959e-01	-1.525866e-03	-4.244591e-02	 3.950838e+00	 5.070420e-01	 5.872936e-01	 1.059725e+00	-3.065252e-01	-2.066173e-02	 1.936916e-01	 5.181445e-01	 1.069511e+00	-3.518174e-03	-1.085471e-03	 6.435633e-03	 1.536449e-03	 1.549736e-03	-2.629514e-03	-2.868574e-05	 4.381648e-05	 9.533665e-05	
 3.252306e-08	-2.985876e-07	-8.666697e-08	 3.598995e-06	-8.206499e-09	 1.883498e-05	 2.345764e-14	 1.387877e-03	 8.185012e-06	 9.953281e-05	-1.334319e-02	-1.871947e-03	-2.035993e-03	-3.449786e-03	 1.059343e-03	 7.461113e-05	-6.203806e-04	-1.755125e-03	-3.518174e-03	 1.227582e-05	 4.927969e-06	-2.001093e-05	-1.656882e-06	-6.734494e-07	 1.630320e-05	 8.615387e-08	-1.231575e-07	-1.843205e-07	
 1.078237e-08	-1.410287e-08	-3.264257e-08	 7.991390e-07	 1.047209e-09	 9.161970e-06	 7.883182e-15	 2.655435e-04	 8.198166e-06	-5.347251e-05	-4.919243e-03	-1.021545e-03	-8.512318e-04	-9.642166e-04	 4.391090e-04	 5.805431e-05	-1.525760e-04	-6.627419e-04	-1.085471e-03	 4.927969e-06	 4.872563e-06	-4.718027e-06	 7.039845e-06	 9.269047e-06	 2.138818e-05	 8.539867e-09	 1.104662e-08	 2.397636e-07	
-5.765365e-08	 6.769021e-07	 1.468365e-07	-7.065055e-06	 2.536221e-08	-3.023367e-05	-4.243548e-14	-2.784481e-03	-4.371697e-06	-3.256896e-04	 2.336052e-02	 2.610458e-03	 3.294986e-03	 6.384288e-03	-1.758065e-03	-1.463220e-04	 1.190655e-03	 3.048418e-03	 6.435633e-03	-2.001093e-05	-4.718027e-06	 4.338131e-05	 1.525463e-05	 1.733540e-05	 2.934465e-07	-1.908143e-07	 3.035578e-07	 7.922195e-07	
-1.155821e-08	 3.663222e-07	 1.881516e-08	-2.486875e-06	 1.606715e-08	 1.534978e-06	-8.361764e-15	-1.082153e-03	 1.415363e-05	-3.013969e-04	 3.582326e-03	-5.549458e-04	 1.526369e-04	 1.731035e-03	-1.201338e-04	 2.806078e-05	 3.762313e-04	 4.203643e-04	 1.536449e-03	-1.656882e-06	 7.039845e-06	 1.525463e-05	 2.323670e-05	 2.852278e-05	 4.300845e-05	-9.121566e-08	 1.970496e-07	 9.417053e-07	
-1.092344e-08	 4.222313e-07	 1.428007e-08	-2.703203e-06	 1.972594e-08	 3.397828e-06	-8.133949e-15	-1.200480e-03	 1.852473e-05	-3.617774e-04	 3.106243e-03	-8.764768e-04	 1.620986e-05	 1.819441e-03	-5.285091e-05	 4.221799e-05	 4.088740e-04	 3.496513e-04	 1.549736e-03	-6.734494e-07	 9.269047e-06	 1.733540e-05	 2.852278e-05	 3.571193e-05	 5.529998e-05	-1.065089e-07	 2.330712e-07	 1.153081e-06	
 2.964602e-08	 2.328745e-07	-1.022624e-07	 9.362687e-07	 2.442854e-08	 3.157134e-05	 1.992160e-14	 1.090268e-04	 4.109064e-05	-4.124516e-04	-1.453936e-02	-4.206117e-03	-3.019357e-03	-2.218232e-03	 1.480781e-03	 1.677607e-04	-2.578611e-04	-1.966264e-03	-2.629514e-03	 1.630320e-05	 2.138818e-05	 2.934465e-07	 4.300845e-05	 5.529998e-05	 1.163740e-04	-4.486617e-08	 1.874437e-07	 1.540110e-06	
 2.555767e-10	-3.256074e-09	-6.391582e-10	 3.250463e-08	-1.125284e-10	 1.226576e-07	 1.855240e-16	 1.294865e-05	 6.171149e-09	 1.700077e-06	-1.012414e-04	-1.041333e-05	-1.417619e-05	-2.901213e-05	 7.523265e-06	 4.378523e-07	-5.445844e-06	-1.315100e-05	-2.868574e-05	 8.615387e-08	 8.539867e-09	-1.908143e-07	-9.121566e-08	-1.065089e-07	-4.486617e-08	 9.055945e-10	-1.513423e-09	-4.520022e-09	
-3.869664e-10	 5.614267e-09	 9.362265e-10	-5.239126e-08	 1.848883e-10	-1.586675e-07	-2.762246e-16	-2.095380e-05	 3.151368e-08	-3.297785e-06	 1.494104e-04	 1.247652e-05	 1.968035e-05	 4.491294e-05	-1.061208e-05	-5.144419e-07	 8.578040e-06	 1.914247e-05	 4.381648e-05	-1.231575e-07	 1.104662e-08	 3.035578e-07	 1.970496e-07	 2.330712e-07	 1.874437e-07	-1.513423e-09	 2.693833e-09	 9.149586e-09	
-7.837032e-10	 1.760099e-08	 1.609110e-09	-1.350272e-07	 6.573214e-10	-1.170131e-07	-5.545096e-16	-5.658062e-05	 4.643059e-07	-1.304996e-05	 2.725152e-04	-3.982256e-06	 2.618964e-05	 1.033183e-04	-1.525529e-05	 5.186637e-07	 2.111505e-05	 3.358826e-05	 9.533665e-05	-1.843205e-07	 2.397636e-07	 7.922195e-07	 9.417053e-07	 1.153081e-06	 1.540110e-06	-4.520022e-09	 9.149586e-09	 3.989869e-08	
