#          omega_b,        omega_cdm,      100*theta_s,         tau_reio,          epsilon,                c,          A_s_inf,        A_cib_217,        xi_sz_cib,             A_sz,     ps_A_100_100,     ps_A_143_143,     ps_A_143_217,     ps_A_217_217,         ksz_norm,     gal545_A_100,     gal545_A_143, gal545_A_143_217,     gal545_A_217,    galf_TE_A_100, galf_TE_A_100_143, galf_TE_A_100_217,    galf_TE_A_143, galf_TE_A_143_217,    galf_TE_A_217,       calib_100T,       calib_217T,         A_planck
 1.9011576000e-09  -9.0421708000e-10  -2.3455778000e-10   1.0284111000e-08  -2.3973033000e-11   4.8884650000e-08   0.0000000000e+00   3.9589341000e-06   1.7274658000e-08   3.6526231000e-07  -3.6240500000e-05  -4.7250960000e-06  -5.3715810000e-06  -9.5734369000e-06   2.8156801000e-06   1.9808531000e-07  -1.7431530000e-06  -4.7275469000e-06  -9.6883710000e-06   3.2523401000e-08   1.0780002000e-08  -5.7654464000e-08  -1.1558150000e-08  -1.0923418000e-08   2.9646123000e-08   2.5562501000e-10  -3.8699776000e-10  -7.8538194000e-10
-9.0421708000e-10   1.3880825000e-08   2.2360054000e-09  -1.1754941000e-07   3.7630522000e-10  -4.0263259000e-07   0.0000000000e+00  -4.6552119000e-05   9.3587601000e-09  -6.6667615000e-06   3.5462020000e-04   3.4227230000e-05   4.7838280000e-05   1.0243810000e-04  -2.5725970000e-05  -1.5706823000e-06   1.9308961000e-05   4.5595579000e-05   1.0121360000e-04  -2.9857698000e-07  -1.4153121000e-08   6.7690696000e-07   3.6631963000e-07   4.2223640000e-07   2.3287163000e-07  -3.2561217000e-09   5.6137625000e-09   1.7607219000e-08
-2.3455778000e-10   2.2360054000e-09   2.4329439000e-09  -2.6339416000e-08   5.6688968000e-11  -1.3239352000e-07   0.0000000000e+00  -1.0079630000e-05  -5.3769128000e-08  -8.2073499000e-07   9.5564280000e-05   1.3012940000e-05   1.4382140000e-05   2.4841160000e-05  -7.5089043000e-06  -5.3927287000e-07   4.4928841000e-06   1.2496890000e-05   2.5252440000e-05  -8.6668643000e-08  -3.2632900000e-08   1.4683870000e-07   1.8815109000e-08   1.4279791000e-08  -1.0226257000e-07  -6.3930528000e-10   9.3634845000e-10   1.6140146000e-09
 1.0284111000e-08  -1.1754941000e-07  -2.6339416000e-08   1.2472286000e-06  -3.3779738000e-09   5.1952626000e-06   0.0000000000e+00   4.8546920000e-04   1.1319953000e-06   5.5799933000e-05  -4.1120380000e-03  -4.8039180000e-04  -5.8756140000e-04  -1.1269160000e-03   3.1100591000e-04   2.0769377000e-05  -2.0824021000e-04  -5.3332859000e-04  -1.1290530000e-03   3.5989694000e-06   7.9921198000e-07  -7.0651324000e-06  -2.4868593000e-06  -2.7032255000e-06   9.3628903000e-07   3.2508139000e-08  -5.2391076000e-08  -1.3517040000e-07
-2.3973033000e-11   3.7630522000e-10   5.6688968000e-11  -3.3779738000e-09   1.8529290000e-09  -1.3889551000e-08   0.0000000000e+00  -1.6300378000e-06   1.3843838000e-08  -2.2967668000e-07   1.0359830000e-05   8.9178090000e-07   1.5515891000e-06   3.2696931000e-06  -7.3890778000e-07  -4.5409797000e-09   6.5900609000e-07   1.4523171000e-06   3.2391051000e-06  -8.1983851000e-09   1.0448803000e-09   2.5356339000e-08   1.6061171000e-08   1.9725138000e-08   2.4430274000e-08  -1.1253415000e-10   1.8482992000e-10   6.5496204000e-10
 4.8884650000e-08  -4.0263259000e-07  -1.3239352000e-07   5.1952626000e-06  -1.3889551000e-08   3.1328230000e-05   0.0000000000e+00   1.9985930000e-03   1.4425382000e-05   9.9212700000e-05  -2.0431260000e-02  -3.0397760000e-03  -3.2245210000e-03  -5.1468200000e-03   1.6625150000e-03   1.2648420000e-04  -9.1678060000e-04  -2.7109450000e-03  -5.2770660000e-03   1.8834983000e-05   9.1619643000e-06  -3.0233670000e-05   1.5349788000e-06   3.3978283000e-06   3.1571340000e-05   1.2265757000e-07  -1.5866731000e-07  -1.1701517000e-07
 0.0000000000e+00   0.0000000000e+00   0.0000000000e+00   0.0000000000e+00   0.0000000000e+00   0.0000000000e+00   1.0000000000e-20   0.0000000000e+00   0.0000000000e+00   0.0000000000e+00   0.0000000000e+00   0.0000000000e+00   0.0000000000e+00   0.0000000000e+00   0.0000000000e+00   0.0000000000e+00   0.0000000000e+00   0.0000000000e+00   0.0000000000e+00   0.0000000000e+00   0.0000000000e+00   0.0000000000e+00   0.0000000000e+00   0.0000000000e+00   0.0000000000e+00   0.0000000000e+00   0.0000000000e+00   0.0000000000e+00
 3.9589341000e-06  -4.6552119000e-05  -1.0079630000e-05   4.8546920000e-04  -1.6300378000e-06   1.9985930000e-03   0.0000000000e+00   1.9487920000e-01   2.6809720000e-04   2.2562070000e-02  -1.5938690000e+00  -1.8433860000e-01  -2.3038110000e-01  -4.4569400000e-01   1.2065400000e-01   7.0117740000e-03  -8.2631600000e-02  -2.0853910000e-01  -4.4479590000e-01   1.3878770000e-03   2.6554349000e-04  -2.7844810000e-03  -1.0821530000e-03  -1.2004800000e-03   1.0902680000e-04   1.2948650000e-05  -2.0953800000e-05  -5.6580623000e-05
 1.7274658000e-08   9.3587601000e-09  -5.3769128000e-08   1.1319953000e-06   1.3843838000e-08   1.4425382000e-05   0.0000000000e+00   2.6809720000e-04   2.2906168000e-05  -1.4140080000e-04  -7.2511880000e-03  -1.6099090000e-03  -1.2901210000e-03  -1.3790340000e-03   7.0587100000e-04   8.7515641000e-05  -1.8475560000e-04  -9.6931960000e-04  -1.5258660000e-03   8.1850411000e-06   8.1981026000e-06  -4.3716894000e-06   1.4153637000e-05   1.8524735000e-05   4.1090635000e-05   6.1702588000e-09   3.1513360000e-08   4.6429375000e-07
 3.6526231000e-07  -6.6667615000e-06  -8.2073499000e-07   5.5799933000e-05  -2.2967668000e-07   9.9212700000e-05   0.0000000000e+00   2.2562070000e-02  -1.4140080000e-04   4.7074810000e-03  -1.3662280000e-01  -5.8392630000e-03  -1.5218240000e-02  -4.4273150000e-02   8.4856540000e-03   3.6004800000e-04  -8.8307760000e-03  -1.6866300000e-02  -4.2445910000e-02   9.9532814000e-05  -5.3472518000e-05  -3.2568960000e-04  -3.0139690000e-04  -3.6177740000e-04  -4.1245160000e-04   1.7000767000e-06  -3.2977844000e-06  -1.3049960000e-05
-3.6240500000e-05   3.5462020000e-04   9.5564280000e-05  -4.1120380000e-03   1.0359830000e-05  -2.0431260000e-02   0.0000000000e+00  -1.5938690000e+00  -7.2511880000e-03  -1.3662280000e-01   1.4886340000e+01   2.0031110000e+00   2.2361970000e+00   3.8924190000e+00  -1.1663730000e+00  -8.6507270000e-02   7.0614340000e-01   1.9478190000e+00   3.9508380000e+00  -1.3343190000e-02  -4.9192430000e-03   2.3360520000e-02   3.5823260000e-03   3.1062430000e-03  -1.4539360000e-02  -1.0124140000e-04   1.4941040000e-04   2.7251520000e-04
-4.7250960000e-06   3.4227230000e-05   1.3012940000e-05  -4.8039180000e-04   8.9178090000e-07  -3.0397760000e-03   0.0000000000e+00  -1.8433860000e-01  -1.6099090000e-03  -5.8392630000e-03   2.0031110000e+00   3.2401100000e-01   3.2502840000e-01   4.9229460000e-01  -1.6519220000e-01  -1.2041900000e-02   8.6331600000e-02   2.6522720000e-01   5.0704200000e-01  -1.8719470000e-03  -1.0215450000e-03   2.6104580000e-03  -5.5494580000e-04  -8.7647680000e-04  -4.2061170000e-03  -1.0413330000e-05   1.2476520000e-05  -3.9822563000e-06
-5.3715810000e-06   4.7838280000e-05   1.4382140000e-05  -5.8756140000e-04   1.5515891000e-06  -3.2245210000e-03   0.0000000000e+00  -2.3038110000e-01  -1.2901210000e-03  -1.5218240000e-02   2.2361970000e+00   3.2502840000e-01   3.5268620000e-01   5.8016660000e-01  -1.8018170000e-01  -1.1504200000e-02   1.0399630000e-01   2.9528940000e-01   5.8729360000e-01  -2.0359930000e-03  -8.5123180000e-04   3.2949860000e-03   1.5263690000e-04   1.6209860000e-05  -3.0193570000e-03  -1.4176190000e-05   1.9680350000e-05   2.6189641000e-05
-9.5734369000e-06   1.0243810000e-04   2.4841160000e-05  -1.1269160000e-03   3.2696931000e-06  -5.1468200000e-03   0.0000000000e+00  -4.4569400000e-01  -1.3790340000e-03  -4.4273150000e-02   3.8924190000e+00   4.9229460000e-01   5.8016660000e-01   1.0574160000e+00  -3.0199920000e-01  -1.8678530000e-02   1.9336610000e-01   5.0976600000e-01   1.0597250000e+00  -3.4497860000e-03  -9.6421660000e-04   6.3842880000e-03   1.7310350000e-03   1.8194410000e-03  -2.2182320000e-03  -2.9012130000e-05   4.4912940000e-05   1.0331830000e-04
 2.8156801000e-06  -2.5725970000e-05  -7.5089043000e-06   3.1100591000e-04  -7.3890778000e-07   1.6625150000e-03   0.0000000000e+00   1.2065400000e-01   7.0587100000e-04   8.4856540000e-03  -1.1663730000e+00  -1.6519220000e-01  -1.8018170000e-01  -3.0199920000e-01   9.3373250000e-02   6.7630820000e-03  -5.4134150000e-02  -1.5346000000e-01  -3.0652520000e-01   1.0593430000e-03   4.3910900000e-04  -1.7580650000e-03  -1.2013380000e-04  -5.2850910000e-05   1.4807810000e-03   7.5232650000e-06  -1.0612080000e-05  -1.5255291000e-05
 1.9808531000e-07  -1.5706823000e-06  -5.3927287000e-07   2.0769377000e-05  -4.5409797000e-09   1.2648420000e-04   0.0000000000e+00   7.0117740000e-03   8.7515641000e-05   3.6004800000e-04  -8.6507270000e-02  -1.2041900000e-02  -1.1504200000e-02  -1.8678530000e-02   6.7630820000e-03   1.4992830000e-03  -3.2618670000e-03  -1.1061180000e-02  -2.0661730000e-02   7.4611132000e-05   5.8054306000e-05  -1.4632200000e-04   2.8060780000e-05   4.2217990000e-05   1.6776070000e-04   4.3785229000e-07  -5.1444179000e-07   5.1866307000e-07
-1.7431530000e-06   1.9308961000e-05   4.4928841000e-06  -2.0824021000e-04   6.5900609000e-07  -9.1678060000e-04   0.0000000000e+00  -8.2631600000e-02  -1.8475560000e-04  -8.8307760000e-03   7.0614340000e-01   8.6331600000e-02   1.0399630000e-01   1.9336610000e-01  -5.4134150000e-02  -3.2618670000e-03   3.5694710000e-02   9.2380640000e-02   1.9369160000e-01  -6.2038060000e-04  -1.5257600000e-04   1.1906550000e-03   3.7623130000e-04   4.0887400000e-04  -2.5786110000e-04  -5.4458441000e-06   8.5780401000e-06   2.1115052000e-05
-4.7275469000e-06   4.5595579000e-05   1.2496890000e-05  -5.3332859000e-04   1.4523171000e-06  -2.7109450000e-03   0.0000000000e+00  -2.0853910000e-01  -9.6931960000e-04  -1.6866300000e-02   1.9478190000e+00   2.6522720000e-01   2.9528940000e-01   5.0976600000e-01  -1.5346000000e-01  -1.1061180000e-02   9.2380640000e-02   2.5631010000e-01   5.1814450000e-01  -1.7551250000e-03  -6.6274190000e-04   3.0484180000e-03   4.2036430000e-04   3.4965130000e-04  -1.9662640000e-03  -1.3151000000e-05   1.9142470000e-05   3.3588260000e-05
-9.6883710000e-06   1.0121360000e-04   2.5252440000e-05  -1.1290530000e-03   3.2391051000e-06  -5.2770660000e-03   0.0000000000e+00  -4.4479590000e-01  -1.5258660000e-03  -4.2445910000e-02   3.9508380000e+00   5.0704200000e-01   5.8729360000e-01   1.0597250000e+00  -3.0652520000e-01  -2.0661730000e-02   1.9369160000e-01   5.1814450000e-01   1.0695110000e+00  -3.5181740000e-03  -1.0854710000e-03   6.4356330000e-03   1.5364490000e-03   1.5497360000e-03  -2.6295140000e-03  -2.8685740000e-05   4.3816480000e-05   9.5336649000e-05
 3.2523401000e-08  -2.9857698000e-07  -8.6668643000e-08   3.5989694000e-06  -8.1983851000e-09   1.8834983000e-05   0.0000000000e+00   1.3878770000e-03   8.1850411000e-06   9.9532814000e-05  -1.3343190000e-02  -1.8719470000e-03  -2.0359930000e-03  -3.4497860000e-03   1.0593430000e-03   7.4611132000e-05  -6.2038060000e-04  -1.7551250000e-03  -3.5181740000e-03   1.2275866000e-05   4.9278671000e-06  -2.0010917000e-05  -1.6568703000e-06  -6.7344204000e-07   1.6303192000e-05   8.6152914000e-08  -1.2315506000e-07  -1.8431706000e-07
 1.0780002000e-08  -1.4153121000e-08  -3.2632900000e-08   7.9921198000e-07   1.0448803000e-09   9.1619643000e-06   0.0000000000e+00   2.6554349000e-04   8.1981026000e-06  -5.3472518000e-05  -4.9192430000e-03  -1.0215450000e-03  -8.5123180000e-04  -9.6421660000e-04   4.3910900000e-04   5.8054306000e-05  -1.5257600000e-04  -6.6274190000e-04  -1.0854710000e-03   4.9278671000e-06   4.8727898000e-06  -4.7180560000e-06   7.0398189000e-06   9.2690314000e-06   2.1388198000e-05   8.5436293000e-09   1.1032688000e-08   2.3969232000e-07
-5.7654464000e-08   6.7690696000e-07   1.4683870000e-07  -7.0651324000e-06   2.5356339000e-08  -3.0233670000e-05   0.0000000000e+00  -2.7844810000e-03  -4.3716894000e-06  -3.2568960000e-04   2.3360520000e-02   2.6104580000e-03   3.2949860000e-03   6.3842880000e-03  -1.7580650000e-03  -1.4632200000e-04   1.1906550000e-03   3.0484180000e-03   6.4356330000e-03  -2.0010917000e-05  -4.7180560000e-06   4.3381323000e-05   1.5254630000e-05   1.7335405000e-05   2.9344244000e-07  -1.9081351000e-07   3.0355626000e-07   7.9220337000e-07
-1.1558150000e-08   3.6631963000e-07   1.8815109000e-08  -2.4868593000e-06   1.6061171000e-08   1.5349788000e-06   0.0000000000e+00  -1.0821530000e-03   1.4153637000e-05  -3.0139690000e-04   3.5823260000e-03  -5.5494580000e-04   1.5263690000e-04   1.7310350000e-03  -1.2013380000e-04   2.8060780000e-05   3.7623130000e-04   4.2036430000e-04   1.5364490000e-03  -1.6568703000e-06   7.0398189000e-06   1.5254630000e-05   2.3236705000e-05   2.8522780000e-05   4.3008449000e-05  -9.1219915000e-08   1.9705036000e-07   9.4173655000e-07
-1.0923418000e-08   4.2223640000e-07   1.4279791000e-08  -2.7032255000e-06   1.9725138000e-08   3.3978283000e-06   0.0000000000e+00  -1.2004800000e-03   1.8524735000e-05  -3.6177740000e-04   3.1062430000e-03  -8.7647680000e-04   1.6209860000e-05   1.8194410000e-03  -5.2850910000e-05   4.2217990000e-05   4.0887400000e-04   3.4965130000e-04   1.5497360000e-03  -6.7344204000e-07   9.2690314000e-06   1.7335405000e-05   2.8522780000e-05   3.5711933000e-05   5.5299978000e-05  -1.0650722000e-07   2.3307419000e-07   1.1530495000e-06
 2.9646123000e-08   2.3287163000e-07  -1.0226257000e-07   9.3628903000e-07   2.4430274000e-08   3.1571340000e-05   0.0000000000e+00   1.0902680000e-04   4.1090635000e-05  -4.1245160000e-04  -1.4539360000e-02  -4.2061170000e-03  -3.0193570000e-03  -2.2182320000e-03   1.4807810000e-03   1.6776070000e-04  -2.5786110000e-04  -1.9662640000e-03  -2.6295140000e-03   1.6303192000e-05   2.1388198000e-05   2.9344244000e-07   4.3008449000e-05   5.5299978000e-05   1.1637400000e-04  -4.4864380000e-08   1.8744197000e-07   1.5401040000e-06
 2.5562501000e-10  -3.2561217000e-09  -6.3930528000e-10   3.2508139000e-08  -1.1253415000e-10   1.2265757000e-07   0.0000000000e+00   1.2948650000e-05   6.1702588000e-09   1.7000767000e-06  -1.0124140000e-04  -1.0413330000e-05  -1.4176190000e-05  -2.9012130000e-05   7.5232650000e-06   4.3785229000e-07  -5.4458441000e-06  -1.3151000000e-05  -2.8685740000e-05   8.6152914000e-08   8.5436293000e-09  -1.9081351000e-07  -9.1219915000e-08  -1.0650722000e-07  -4.4864380000e-08   2.7169668000e-09  -1.5132684000e-09  -4.5184837000e-09
-3.8699776000e-10   5.6137625000e-09   9.3634845000e-10  -5.2391076000e-08   1.8482992000e-10  -1.5866731000e-07   0.0000000000e+00  -2.0953800000e-05   3.1513360000e-08  -3.2977844000e-06   1.4941040000e-04   1.2476520000e-05   1.9680350000e-05   4.4912940000e-05  -1.0612080000e-05  -5.1444179000e-07   8.5780401000e-06   1.9142470000e-05   4.3816480000e-05  -1.2315506000e-07   1.1032688000e-08   3.0355626000e-07   1.9705036000e-07   2.3307419000e-07   1.8744197000e-07  -1.5132684000e-09   4.5053387000e-09   9.1487308000e-09
-7.8538194000e-10   1.7607219000e-08   1.6140146000e-09  -1.3517040000e-07   6.5496204000e-10  -1.1701517000e-07   0.0000000000e+00  -5.6580623000e-05   4.6429375000e-07  -1.3049960000e-05   2.7251520000e-04  -3.9822563000e-06   2.6189641000e-05   1.0331830000e-04  -1.5255291000e-05   5.1866307000e-07   2.1115052000e-05   3.3588260000e-05   9.5336649000e-05  -1.8431706000e-07   2.3969232000e-07   7.9220337000e-07   9.4173655000e-07   1.1530495000e-06   1.5401040000e-06  -4.5184837000e-09   9.1487308000e-09   4.1675593000e-08
