#          omega_b,        omega_cdm,      100*theta_s,         tau_reio,             beta,            Delta,             chi0,               mu,        A_cib_217,        xi_sz_cib,             A_sz,     ps_A_100_100,     ps_A_143_143,     ps_A_143_217,     ps_A_217_217,         ksz_norm,     gal545_A_100,     gal545_A_143, gal545_A_143_217,     gal545_A_217,    galf_TE_A_100, galf_TE_A_100_143, galf_TE_A_100_217,    galf_TE_A_143, galf_TE_A_143_217,    galf_TE_A_217,       calib_100T,       calib_217T,         A_planck
 1.230809e-08	-7.678682e-08	 2.202189e-08	 1.171993e-07	 1.331477e-06	-1.411554e-05	-1.636622e-05	 1.482782e-05	 2.933516e-04	-1.329202e-05	 3.372856e-05	-1.379965e-03	-1.026797e-03	-6.107008e-04	-5.261752e-04	 1.091677e-04	 4.702069e-05	-4.732430e-05	-2.042029e-04	-5.075690e-04	 1.834187e-07	-1.299401e-06	 1.424923e-06	 3.047946e-07	-4.805572e-06	-1.251881e-05	 1.554821e-08	-2.515150e-09	-1.145799e-08	
-7.678682e-08	 1.066935e-06	-1.595914e-07	-9.646919e-07	-1.385973e-05	 8.593375e-05	 9.729790e-05	-6.509632e-04	 4.815272e-05	 2.263214e-05	-7.372916e-04	 1.892613e-02	 7.870146e-03	 2.452808e-03	 1.018657e-03	-7.290858e-04	-4.938642e-04	 4.690534e-04	 8.228605e-04	 1.352446e-03	 4.940707e-06	 1.323366e-05	-5.883663e-05	 9.834418e-06	 4.056302e-05	 1.783033e-04	 1.281844e-08	 1.656957e-07	-2.648743e-07	
 2.202189e-08	-1.595914e-07	 7.050745e-08	 2.089590e-07	 2.652019e-06	-2.508378e-05	-4.353374e-05	 7.878950e-05	 5.478003e-04	-2.635025e-05	 6.528045e-05	-3.478276e-03	-2.353834e-03	-1.470943e-03	-1.205016e-03	 2.741974e-04	 4.211404e-05	-1.750392e-04	-4.024210e-04	-9.008564e-04	 3.983910e-07	-2.120281e-06	 7.379635e-06	-3.784714e-07	-1.287993e-05	-3.969173e-05	 1.226737e-08	 9.165554e-09	-3.321462e-08	
 1.171993e-07	-9.646919e-07	 2.089590e-07	 1.686045e-06	 1.467287e-05	-1.454166e-04	-2.547656e-04	 2.343568e-04	 2.566265e-03	-1.150967e-04	 5.120483e-04	-1.514565e-02	-9.512439e-03	-5.455688e-03	-4.921543e-03	 9.735362e-04	 3.015542e-04	-6.942206e-04	-1.832570e-03	-4.611650e-03	 5.031626e-06	-1.344118e-05	 2.573079e-05	-3.205324e-06	-5.655859e-05	-1.532102e-04	 1.620593e-07	-5.964731e-08	-4.174211e-07	
 1.331477e-06	-1.385973e-05	 2.652019e-06	 1.467287e-05	 3.244898e-04	-1.265628e-03	 1.123038e-04	 9.985295e-03	 1.715422e-02	-8.978868e-04	 8.409811e-03	-2.778863e-01	-1.518011e-01	-6.437770e-02	-4.427059e-02	 1.490568e-02	 1.059803e-02	-6.228533e-03	-1.846046e-02	-4.002309e-02	-1.112240e-04	-2.632249e-04	 8.164537e-04	-5.882783e-05	-5.385257e-04	-2.287661e-03	 2.738096e-07	-2.061449e-06	 1.752280e-06	
-1.411554e-05	 8.593375e-05	-2.508378e-05	-1.454166e-04	-1.265628e-03	 8.525942e-02	 3.878593e-02	 1.002902e-01	-3.981359e-01	 2.559244e-02	-9.621882e-02	 3.813064e+00	 1.249779e+00	 9.547741e-01	 5.554240e-01	-1.522080e-01	-1.762722e-02	 6.736293e-02	 2.308384e-01	 8.958713e-01	-1.175042e-03	 7.411258e-04	 1.065130e-03	-2.112835e-03	 8.936725e-03	 1.411663e-02	-1.840891e-05	 1.108237e-05	 3.285437e-05	
-1.636622e-05	 9.729790e-05	-4.353374e-05	-2.547656e-04	 1.123038e-04	 3.878593e-02	 1.758097e-01	 6.209768e-02	-2.104808e-01	 1.025818e-02	-6.839373e-02	 1.901822e+00	 5.316630e-01	 5.558931e-01	 6.653219e-01	-1.223058e-01	 1.406861e-01	 2.131144e-01	 2.925915e-01	 6.520563e-01	-2.889155e-03	 6.326343e-04	-3.000275e-03	 3.714205e-03	 1.121649e-02	 3.393417e-02	-3.890315e-05	 2.063373e-05	 1.486920e-04	
 1.482782e-05	-6.509632e-04	 7.878950e-05	 2.343568e-04	 9.985295e-03	 1.002902e-01	 6.209768e-02	 1.450604e+00	-2.191361e+00	 8.851572e-02	 4.605878e-01	-1.546693e+01	-5.603513e+00	 6.196443e-01	 1.790915e+00	 2.527597e-01	 7.589396e-01	-1.003939e-01	-4.255128e-01	 7.847477e-01	-1.718704e-02	-1.015879e-02	 7.394621e-02	-1.533431e-02	-1.196998e-02	-1.911509e-01	-2.928756e-04	-2.560888e-04	 3.196888e-04	
 2.933516e-04	 4.815272e-05	 5.478003e-04	 2.566265e-03	 1.715422e-02	-3.981359e-01	-2.104808e-01	-2.191361e+00	 2.547896e+01	-8.065614e-01	-1.473111e+00	 3.583859e+00	-2.628649e+01	-3.006442e+01	-3.595843e+01	 3.268756e+00	 4.096626e-01	-1.623096e+00	-8.802204e+00	-2.903864e+01	 4.678732e-02	-1.728774e-02	-1.863459e-01	 7.547117e-02	-1.169757e-01	 2.284861e-01	 7.629390e-04	 8.617951e-04	-1.546464e-03	
-1.329202e-05	 2.263214e-05	-2.635025e-05	-1.150967e-04	-8.978868e-04	 2.559244e-02	 1.025818e-02	 8.851572e-02	-8.065614e-01	 3.728940e-02	 2.383588e-02	 6.468592e-01	 1.222147e+00	 1.310872e+00	 1.169639e+00	-1.663404e-01	-1.203724e-02	 8.265024e-02	 3.149477e-01	 9.789128e-01	-1.794719e-03	 6.644596e-04	 5.689707e-03	-2.798027e-03	 6.673045e-03	-1.842807e-03	-3.571247e-05	-3.620771e-05	 3.811688e-05	
 3.372856e-05	-7.372916e-04	 6.528045e-05	 5.120483e-04	 8.409811e-03	-9.621882e-02	-6.839373e-02	 4.605878e-01	-1.473111e+00	 2.383588e-02	 9.888035e-01	-1.869705e+01	-3.284280e+00	 9.337651e-01	 2.203376e+00	-3.992959e-02	 2.954217e-01	-1.271885e-01	 3.506934e-01	 8.932600e-01	-5.394478e-03	-7.456390e-03	 5.351299e-02	-1.201218e-02	-1.813905e-02	-1.349635e-01	-1.130895e-04	-2.170946e-04	 2.617776e-04	
-1.379965e-03	 1.892613e-02	-3.478276e-03	-1.514565e-02	-2.778863e-01	 3.813064e+00	 1.901822e+00	-1.546693e+01	 3.583859e+00	 6.468592e-01	-1.869705e+01	 6.104304e+02	 1.865772e+02	 5.982674e+01	 1.139812e+01	-1.603132e+01	-1.372910e+01	 8.457912e+00	 2.206178e+01	 4.989693e+01	 1.772935e-01	 2.262767e-01	-1.261722e+00	 1.729559e-01	 9.196600e-01	 4.715815e+00	 4.340019e-03	 4.874661e-03	-5.719843e-03	
-1.026797e-03	 7.870146e-03	-2.353834e-03	-9.512439e-03	-1.518011e-01	 1.249779e+00	 5.316630e-01	-5.603513e+00	-2.628649e+01	 1.222147e+00	-3.284280e+00	 1.865772e+02	 1.310167e+02	 7.121461e+01	 5.234377e+01	-1.406479e+01	-6.645697e+00	 4.833017e+00	 2.234217e+01	 5.206240e+01	 4.088187e-02	 1.454033e-01	-3.148070e-01	-3.162447e-02	 5.709253e-01	 1.670530e+00	-2.194830e-04	 3.146796e-04	-7.066073e-04	
-6.107008e-04	 2.452808e-03	-1.470943e-03	-5.455688e-03	-6.437770e-02	 9.547741e-01	 5.558931e-01	 6.196443e-01	-3.006442e+01	 1.310872e+00	 9.337651e-01	 5.982674e+01	 7.121461e+01	 5.972915e+01	 5.147021e+01	-9.616053e+00	-1.627214e+00	 4.262062e+00	 1.536460e+01	 4.150566e+01	-3.906951e-02	 4.976098e-02	 5.399840e-02	-8.939492e-02	 3.576523e-01	 4.209812e-01	-1.059571e-03	-1.093746e-03	 1.267887e-03	
-5.261752e-04	 1.018657e-03	-1.205016e-03	-4.921543e-03	-4.427059e-02	 5.554240e-01	 6.653219e-01	 1.790915e+00	-3.595843e+01	 1.169639e+00	 2.203376e+00	 1.139812e+01	 5.234377e+01	 5.147021e+01	 5.760780e+01	-6.961246e+00	-7.105640e-01	 3.487119e+00	 1.430764e+01	 4.237947e+01	-5.904956e-02	 3.592444e-02	 1.584023e-01	-9.094863e-02	 2.549909e-01	-6.008650e-03	-1.187284e-03	-1.269067e-03	 2.613691e-03	
 1.091677e-04	-7.290858e-04	 2.741974e-04	 9.735362e-04	 1.490568e-02	-1.522080e-01	-1.223058e-01	 2.527597e-01	 3.268756e+00	-1.663404e-01	-3.992959e-02	-1.603132e+01	-1.406479e+01	-9.616053e+00	-6.961246e+00	 2.207789e+00	 4.331317e-01	-8.579383e-01	-2.834639e+00	-6.285470e+00	 1.345289e-03	-1.411179e-02	 1.602271e-02	 6.760780e-03	-7.370565e-02	-1.756406e-01	 1.407966e-04	 8.334665e-05	 1.470788e-04	
 4.702069e-05	-4.938642e-04	 4.211404e-05	 3.015542e-04	 1.059803e-02	-1.762722e-02	 1.406861e-01	 7.589396e-01	 4.096626e-01	-1.203724e-02	 2.954217e-01	-1.372910e+01	-6.645697e+00	-1.627214e+00	-7.105640e-01	 4.331317e-01	 1.333126e+00	 3.522606e-01	-1.046695e+00	-2.391544e+00	-1.282048e-02	-1.120196e-02	 2.180855e-02	 3.205709e-03	-7.477096e-03	-8.349685e-02	-1.198751e-04	-2.267356e-04	 3.581305e-04	
-4.732430e-05	 4.690534e-04	-1.750392e-04	-6.942206e-04	-6.228533e-03	 6.736293e-02	 2.131144e-01	-1.003939e-01	-1.623096e+00	 8.265024e-02	-1.271885e-01	 8.457912e+00	 4.833017e+00	 4.262062e+00	 3.487119e+00	-8.579383e-01	 3.522606e-01	 1.299357e+00	 1.355532e+00	 2.696319e+00	-7.148002e-03	 5.882780e-03	-2.376100e-02	 5.528935e-03	 4.095082e-02	 1.094772e-01	-8.008987e-05	-5.386694e-05	 1.251648e-04	
-2.042029e-04	 8.228605e-04	-4.024210e-04	-1.832570e-03	-1.846046e-02	 2.308384e-01	 2.925915e-01	-4.255128e-01	-8.802204e+00	 3.149477e-01	 3.506934e-01	 2.206178e+01	 2.234217e+01	 1.536460e+01	 1.430764e+01	-2.834639e+00	-1.046695e+00	 1.355532e+00	 7.042161e+00	 1.679775e+01	-9.385894e-04	 2.671995e-02	 2.188870e-02	-1.175582e-02	 9.919664e-02	 2.517166e-01	-6.483363e-05	 2.170647e-05	 2.792249e-04	
-5.075690e-04	 1.352446e-03	-9.008564e-04	-4.611650e-03	-4.002309e-02	 8.958713e-01	 6.520563e-01	 7.847477e-01	-2.903864e+01	 9.789128e-01	 8.932600e-01	 4.989693e+01	 5.206240e+01	 4.150566e+01	 4.237947e+01	-6.285470e+00	-2.391544e+00	 2.696319e+00	 1.679775e+01	 4.686382e+01	-2.617450e-02	 5.271885e-02	 1.606113e-01	-7.245730e-02	 2.251250e-01	 2.949511e-01	-3.731482e-04	-1.589597e-04	 1.400331e-03	
 1.834187e-07	 4.940707e-06	 3.983910e-07	 5.031626e-06	-1.112240e-04	-1.175042e-03	-2.889155e-03	-1.718704e-02	 4.678732e-02	-1.794719e-03	-5.394478e-03	 1.772935e-01	 4.088187e-02	-3.906951e-02	-5.904956e-02	 1.345289e-03	-1.282048e-02	-7.148002e-03	-9.385894e-04	-2.617450e-02	 4.169751e-04	 1.217426e-04	-9.421816e-04	 1.400073e-04	-2.343788e-04	 1.637849e-03	 4.839840e-06	 5.027803e-06	-8.180777e-06	
-1.299401e-06	 1.323366e-05	-2.120281e-06	-1.344118e-05	-2.632249e-04	 7.411258e-04	 6.326343e-04	-1.015879e-02	-1.728774e-02	 6.644596e-04	-7.456390e-03	 2.262767e-01	 1.454033e-01	 4.976098e-02	 3.592444e-02	-1.411179e-02	-1.120196e-02	 5.882780e-03	 2.671995e-02	 5.271885e-02	 1.217426e-04	 3.798080e-04	-6.393813e-04	 1.905321e-04	 5.506280e-04	 2.351016e-03	-4.134470e-07	 2.603324e-06	-3.966045e-06	
 1.424923e-06	-5.883663e-05	 7.379635e-06	 2.573079e-05	 8.164537e-04	 1.065130e-03	-3.000275e-03	 7.394621e-02	-1.863459e-01	 5.689707e-03	 5.351299e-02	-1.261722e+00	-3.148070e-01	 5.399840e-02	 1.584023e-01	 1.602271e-02	 2.180855e-02	-2.376100e-02	 2.188870e-02	 1.606113e-01	-9.421816e-04	-6.393813e-04	 6.812535e-03	-1.514124e-03	-1.410038e-03	-1.331932e-02	-1.398992e-05	-1.685549e-05	 2.116750e-05	
 3.047946e-07	 9.834418e-06	-3.784714e-07	-3.205324e-06	-5.882783e-05	-2.112835e-03	 3.714205e-03	-1.533431e-02	 7.547117e-02	-2.798027e-03	-1.201218e-02	 1.729559e-01	-3.162447e-02	-8.939492e-02	-9.094863e-02	 6.760780e-03	 3.205709e-03	 5.528935e-03	-1.175582e-02	-7.245730e-02	 1.400073e-04	 1.905321e-04	-1.514124e-03	 9.423427e-04	 1.846401e-04	 4.054823e-03	 4.458171e-06	 3.659332e-06	-2.527716e-06	
-4.805572e-06	 4.056302e-05	-1.287993e-05	-5.655859e-05	-5.385257e-04	 8.936725e-03	 1.121649e-02	-1.196998e-02	-1.169757e-01	 6.673045e-03	-1.813905e-02	 9.196600e-01	 5.709253e-01	 3.576523e-01	 2.549909e-01	-7.370565e-02	-7.477096e-03	 4.095082e-02	 9.919664e-02	 2.251250e-01	-2.343788e-04	 5.506280e-04	-1.410038e-03	 1.846401e-04	 4.303578e-03	 9.964469e-03	-5.302742e-06	-4.462127e-06	 4.827087e-06	
-1.251881e-05	 1.783033e-04	-3.969173e-05	-1.532102e-04	-2.287661e-03	 1.411663e-02	 3.393417e-02	-1.911509e-01	 2.284861e-01	-1.842807e-03	-1.349635e-01	 4.715815e+00	 1.670530e+00	 4.209812e-01	-6.008650e-03	-1.756406e-01	-8.349685e-02	 1.094772e-01	 2.517166e-01	 2.949511e-01	 1.637849e-03	 2.351016e-03	-1.331932e-02	 4.054823e-03	 9.964469e-03	 6.103372e-02	 4.319131e-05	 3.789368e-05	-3.906831e-05	
 1.554821e-08	 1.281844e-08	 1.226737e-08	 1.620593e-07	 2.738096e-07	-1.840891e-05	-3.890315e-05	-2.928756e-04	 7.629390e-04	-3.571247e-05	-1.130895e-04	 4.340019e-03	-2.194830e-04	-1.059571e-03	-1.187284e-03	 1.407966e-04	-1.198751e-04	-8.008987e-05	-6.483363e-05	-3.731482e-04	 4.839840e-06	-4.134470e-07	-1.398992e-05	 4.458171e-06	-5.302742e-06	 4.319131e-05	 1.860042e-07	 8.220950e-08	-1.073537e-07	
-2.515150e-09	 1.656957e-07	 9.165554e-09	-5.964731e-08	-2.061449e-06	 1.108237e-05	 2.063373e-05	-2.560888e-04	 8.617951e-04	-3.620771e-05	-2.170946e-04	 4.874661e-03	 3.146796e-04	-1.093746e-03	-1.269067e-03	 8.334665e-05	-2.267356e-04	-5.386694e-05	 2.170647e-05	-1.589597e-04	 5.027803e-06	 2.603324e-06	-1.685549e-05	 3.659332e-06	-4.462127e-06	 3.789368e-05	 8.220950e-08	 1.684797e-07	-9.927871e-08	
-1.145799e-08	-2.648743e-07	-3.321462e-08	-4.174211e-07	 1.752280e-06	 3.285437e-05	 1.486920e-04	 3.196888e-04	-1.546464e-03	 3.811688e-05	 2.617776e-04	-5.719843e-03	-7.066073e-04	 1.267887e-03	 2.613691e-03	 1.470788e-04	 3.581305e-04	 1.251648e-04	 2.792249e-04	 1.400331e-03	-8.180777e-06	-3.966045e-06	 2.116750e-05	-2.527716e-06	 4.827087e-06	-3.906831e-05	-1.073537e-07	-9.927871e-08	 8.346020e-07	
