#          omega_b,        omega_cdm,      100*theta_s,         tau_reio,             beta,            Delta,             chi0,               mu,        A_cib_217,        xi_sz_cib,             A_sz,     ps_A_100_100,     ps_A_143_143,     ps_A_143_217,     ps_A_217_217,         ksz_norm,     gal545_A_100,     gal545_A_143, gal545_A_143_217,     gal545_A_217,    galf_TE_A_100, galf_TE_A_100_143, galf_TE_A_100_217,    galf_TE_A_143, galf_TE_A_143_217,    galf_TE_A_217,       calib_100T,       calib_217T,         A_planck
 1.213998e-08	-4.058499e-08	 3.508717e-09	 4.127302e-08	-1.663974e-07	 1.226835e-05	-4.624789e-05	-1.580170e-05	-1.731707e-05	-1.646430e-06	 3.818985e-05	-1.803671e-04	-1.178772e-04	-9.968553e-06	 4.605698e-06	-3.404827e-05	-1.980910e-05	-3.555402e-05	-6.896091e-06	-6.325145e-06	 6.977003e-07	-8.633591e-08	 2.609663e-07	-6.750285e-07	-5.195981e-07	-2.003238e-06	 1.972434e-09	-4.804319e-10	-2.411206e-08	
-4.058499e-08	 8.887804e-07	 5.741648e-09	-8.740609e-07	-2.928636e-06	 6.908193e-06	 6.238921e-05	 1.429908e-04	-1.109721e-03	 1.294025e-05	-1.573744e-04	 1.583787e-04	 3.302327e-04	 6.136716e-04	 1.334293e-03	 1.151029e-04	 3.439528e-05	 3.797782e-04	-1.060273e-04	 8.304338e-04	-1.401615e-06	 1.303789e-06	-1.337434e-05	-4.873066e-06	 9.483617e-06	-4.332611e-05	-2.402213e-08	 3.001983e-08	 8.595313e-08	
 3.508717e-09	 5.741648e-09	 8.214392e-08	-6.639384e-08	-8.848946e-07	 1.409517e-06	-2.977516e-05	-2.283214e-05	 2.571672e-04	 5.574593e-06	-1.495632e-05	 5.233939e-04	-2.504883e-05	-2.129709e-05	-4.193886e-04	 7.601331e-05	-4.015560e-05	-2.523960e-05	-4.808564e-05	-1.976211e-04	 3.170255e-07	-6.440959e-08	-6.016121e-07	-1.487873e-06	 1.023399e-06	 6.398275e-06	-1.200526e-08	 6.483177e-09	 6.249733e-09	
 4.127302e-08	-8.740609e-07	-6.639384e-08	 5.288804e-06	 1.831066e-05	-8.831883e-05	-3.245022e-04	-1.069778e-05	 3.414225e-03	-2.652673e-05	 4.936843e-04	-5.682223e-03	-3.823092e-03	-3.240539e-03	-6.448386e-03	 9.503132e-05	 3.395790e-04	-7.389996e-04	-8.970594e-05	-4.009403e-03	-7.631408e-06	-3.997717e-06	 1.876954e-05	 1.700533e-05	-1.108533e-05	 8.230896e-05	 1.986197e-07	-1.348030e-07	-3.901903e-06	
-1.663974e-07	-2.928636e-06	-8.848946e-07	 1.831066e-05	 4.606765e-04	-2.550780e-04	 3.982075e-03	 1.429902e-04	 3.283090e-02	-2.322298e-04	-6.987522e-03	 5.603958e-02	 1.253998e-03	-2.302306e-02	-5.775221e-02	 3.824425e-03	 7.567885e-03	-1.354528e-02	-1.291091e-02	-3.908864e-02	-8.521648e-05	-1.507268e-04	 1.769869e-04	 1.455923e-04	 4.777181e-04	 2.351267e-03	 3.222597e-06	-9.570553e-07	-1.664253e-05	
 1.226835e-05	 6.908193e-06	 1.409517e-06	-8.831883e-05	-2.550780e-04	 2.813150e-01	-2.824438e-01	 2.151305e-01	-9.143294e-01	 3.346984e-02	-2.152718e-01	 3.770701e+00	 9.167078e-01	 6.391342e-01	 5.947531e-01	 3.490674e-01	-3.184715e-02	-4.767742e-01	-3.493773e-01	 6.584983e-01	 5.435929e-03	-3.929481e-03	-4.858683e-03	-8.022303e-03	 1.343387e-02	-3.127416e-02	 1.100041e-04	-1.944041e-05	 2.174597e-04	
-4.624789e-05	 6.238921e-05	-2.977516e-05	-3.245022e-04	 3.982075e-03	-2.824438e-01	 1.033308e+00	 1.801803e-02	 1.100876e+00	-3.942288e-02	-1.076657e-01	-2.695714e+00	-8.619049e-01	-1.391075e+00	-1.151960e+00	-1.047209e-01	 1.987800e-01	 5.348075e-01	 4.550330e-01	-5.064471e-01	-1.103550e-02	 5.693791e-03	-7.344741e-04	 1.946218e-02	-4.984718e-03	 7.582824e-02	-1.273945e-04	 1.337689e-06	 2.893518e-05	
-1.580170e-05	 1.429908e-04	-2.283214e-05	-1.069778e-05	 1.429902e-04	 2.151305e-01	 1.801803e-02	 1.682894e+00	-2.802817e+00	 4.558572e-02	 2.037214e-02	-3.768305e-02	-8.379116e-01	 1.474186e+00	 3.786150e+00	 9.999550e-03	 4.223892e-01	 1.735983e-01	 1.497159e-01	 2.215799e+00	-3.103964e-03	-2.006258e-03	-1.451273e-02	-7.417580e-04	 6.910783e-03	-9.220329e-02	 2.812806e-05	-8.812724e-05	 2.012961e-04	
-1.731707e-05	-1.109721e-03	 2.571672e-04	 3.414225e-03	 3.283090e-02	-9.143294e-01	 1.100876e+00	-2.802817e+00	 4.567822e+01	-6.528595e-01	-7.902993e-01	 2.995547e+01	-1.007393e+01	-2.215882e+01	-5.726486e+01	-1.795422e+00	 1.366218e+00	 1.462061e+00	-4.277289e+00	-3.634047e+01	-3.887648e-03	 1.036080e-02	-2.047048e-03	 1.041713e-01	 4.962619e-03	 1.024709e+00	-9.917012e-05	 4.007195e-04	-3.486439e-03	
-1.646430e-06	 1.294025e-05	 5.574593e-06	-2.652673e-05	-2.322298e-04	 3.346984e-02	-3.942288e-02	 4.558572e-02	-6.528595e-01	 5.214766e-02	-8.909423e-02	 8.084515e-02	 8.407547e-01	 1.065339e+00	 7.443337e-01	 1.713844e-01	-8.030603e-03	-1.357178e-01	-4.151306e-02	 3.290377e-01	 5.109080e-04	-7.335607e-04	-8.744009e-04	-2.578773e-03	 1.852978e-03	-2.197370e-02	 1.484635e-05	-1.433378e-05	 5.104740e-05	
 3.818985e-05	-1.573744e-04	-1.495632e-05	 4.936843e-04	-6.987522e-03	-2.152718e-01	-1.076657e-01	 2.037214e-02	-7.902993e-01	-8.909423e-02	 3.190982e+00	-2.893041e+01	-4.092868e+00	 5.506481e+00	 5.722278e+00	-2.998191e+00	-4.257310e-01	 1.285114e+00	 2.398937e+00	 2.887984e+00	-2.307016e-03	 8.119878e-03	-6.538400e-04	-2.123292e-03	-4.999268e-02	-7.518120e-02	-2.624629e-04	 1.362734e-04	-3.604292e-04	
-1.803671e-04	 1.583787e-04	 5.233939e-04	-5.682223e-03	 5.603958e-02	 3.770701e+00	-2.695714e+00	-3.768305e-02	 2.995547e+01	 8.084515e-02	-2.893041e+01	 6.433828e+02	 4.831213e+01	-5.229350e+01	-7.587298e+01	 2.265667e+01	 1.830111e+00	-8.252802e+00	-1.732283e+01	-2.636579e+01	 5.258804e-02	-1.776631e-01	-1.119723e-01	-2.800042e-02	 7.524838e-01	 1.835701e+00	 6.610189e-03	-2.244102e-03	 6.595780e-03	
-1.178772e-04	 3.302327e-04	-2.504883e-05	-3.823092e-03	 1.253998e-03	 9.167078e-01	-8.619049e-01	-8.379116e-01	-1.007393e+01	 8.407547e-01	-4.092868e+00	 4.831213e+01	 4.939704e+01	 2.786052e+01	 1.849225e+01	 1.313149e+00	-7.381587e-01	-5.617010e+00	-1.610457e+00	 8.126240e+00	 1.836707e-02	-2.876735e-02	 3.260079e-02	-7.660161e-02	 8.555218e-02	-3.920740e-01	 3.110823e-04	 1.098115e-04	 4.354265e-03	
-9.968553e-06	 6.136716e-04	-2.129709e-05	-3.240539e-03	-2.302306e-02	 6.391342e-01	-1.391075e+00	 1.474186e+00	-2.215882e+01	 1.065339e+00	 5.506481e+00	-5.229350e+01	 2.786052e+01	 5.964203e+01	 5.361747e+01	-7.403201e+00	-8.991013e-01	-7.702215e-01	 1.809518e+00	 1.505959e+01	 5.431658e-03	-1.741193e-02	-5.286858e-02	-1.004762e-01	-4.495071e-02	-7.643502e-01	-2.532109e-04	 8.697529e-05	 3.197191e-03	
 4.605698e-06	 1.334293e-03	-4.193886e-04	-6.448386e-03	-5.775221e-02	 5.947531e-01	-1.151960e+00	 3.786150e+00	-5.726486e+01	 7.443337e-01	 5.722278e+00	-7.587298e+01	 1.849225e+01	 5.361747e+01	 1.009905e+02	-6.920583e+00	-1.433908e+00	 9.409120e-01	 5.455227e+00	 4.033683e+01	-1.254381e-02	 1.925452e-03	-2.723722e-02	-1.259522e-01	-9.189653e-02	-1.335879e+00	-4.819672e-04	-4.856405e-04	 5.862272e-03	
-3.404827e-05	 1.151029e-04	 7.601331e-05	 9.503132e-05	 3.824425e-03	 3.490674e-01	-1.047209e-01	 9.999550e-03	-1.795422e+00	 1.713844e-01	-2.998191e+00	 2.265667e+01	 1.313149e+00	-7.403201e+00	-6.920583e+00	 5.230298e+00	 3.463951e-02	-1.998207e+00	-2.092825e+00	-4.748657e-01	 8.044782e-03	-9.987790e-03	 6.293693e-03	-8.163652e-03	 6.007745e-02	-1.270502e-02	 3.246443e-04	-1.992305e-04	 3.057703e-04	
-1.980910e-05	 3.439528e-05	-4.015560e-05	 3.395790e-04	 7.567885e-03	-3.184715e-02	 1.987800e-01	 4.223892e-01	 1.366218e+00	-8.030603e-03	-4.257310e-01	 1.830111e+00	-7.381587e-01	-8.991013e-01	-1.433908e+00	 3.463951e-02	 2.216089e+00	 3.181372e-01	-3.593599e-01	-1.624626e+00	 1.636560e-03	-1.069911e-03	-8.385920e-03	 8.771949e-03	 1.108567e-02	 8.029214e-02	 2.412384e-04	-9.476225e-05	-3.214829e-04	
-3.555402e-05	 3.797782e-04	-2.523960e-05	-7.389996e-04	-1.354528e-02	-4.767742e-01	 5.348075e-01	 1.735983e-01	 1.462061e+00	-1.357178e-01	 1.285114e+00	-8.252802e+00	-5.617010e+00	-7.702215e-01	 9.409120e-01	-1.998207e+00	 3.181372e-01	 4.261400e+00	 2.873880e+00	 1.696581e+00	-1.044048e-02	 2.130803e-02	-2.267259e-02	 1.808463e-02	-5.528792e-02	-4.517812e-02	-4.877656e-04	 1.131314e-04	 3.153432e-04	
-6.896091e-06	-1.060273e-04	-4.808564e-05	-8.970594e-05	-1.291091e-02	-3.493773e-01	 4.550330e-01	 1.497159e-01	-4.277289e+00	-4.151306e-02	 2.398937e+00	-1.732283e+01	-1.610457e+00	 1.809518e+00	 5.455227e+00	-2.092825e+00	-3.593599e-01	 2.873880e+00	 7.270806e+00	 1.294113e+01	-6.127748e-03	 1.661607e-02	 6.441278e-03	 1.335327e-02	-5.024347e-02	-9.084196e-02	-3.438896e-04	 3.432395e-04	 2.960695e-04	
-6.325145e-06	 8.304338e-04	-1.976211e-04	-4.009403e-03	-3.908864e-02	 6.584983e-01	-5.064471e-01	 2.215799e+00	-3.634047e+01	 3.290377e-01	 2.887984e+00	-2.636579e+01	 8.126240e+00	 1.505959e+01	 4.033683e+01	-4.748657e-01	-1.624626e+00	 1.696581e+00	 1.294113e+01	 4.805583e+01	 1.449232e-02	 1.531923e-03	 4.970146e-03	-7.498435e-02	-3.175317e-02	-8.253813e-01	-2.876955e-04	 7.431946e-04	 4.642579e-03	
 6.977003e-07	-1.401615e-06	 3.170255e-07	-7.631408e-06	-8.521648e-05	 5.435929e-03	-1.103550e-02	-3.103964e-03	-3.887648e-03	 5.109080e-04	-2.307016e-03	 5.258804e-02	 1.836707e-02	 5.431658e-03	-1.254381e-02	 8.044782e-03	 1.636560e-03	-1.044048e-02	-6.127748e-03	 1.449232e-02	 1.060046e-03	 1.518912e-04	 1.584387e-05	-4.118986e-04	-8.863927e-05	-1.112542e-03	 2.572719e-06	 1.795802e-06	 1.146944e-05	
-8.633591e-08	 1.303789e-06	-6.440959e-08	-3.997717e-06	-1.507268e-04	-3.929481e-03	 5.693791e-03	-2.006258e-03	 1.036080e-02	-7.335607e-04	 8.119878e-03	-1.776631e-01	-2.876735e-02	-1.741193e-02	 1.925452e-03	-9.987790e-03	-1.069911e-03	 2.130803e-02	 1.661607e-02	 1.531923e-03	 1.518912e-04	 8.001236e-04	-1.137231e-04	 5.849997e-04	-7.049171e-04	-1.723689e-03	-5.243711e-06	 1.199202e-06	 1.787365e-06	
 2.609663e-07	-1.337434e-05	-6.016121e-07	 1.876954e-05	 1.769869e-04	-4.858683e-03	-7.344741e-04	-1.451273e-02	-2.047048e-03	-8.744009e-04	-6.538400e-04	-1.119723e-01	 3.260079e-02	-5.286858e-02	-2.723722e-02	 6.293693e-03	-8.385920e-03	-2.267259e-02	 6.441278e-03	 4.970146e-03	 1.584387e-05	-1.137231e-04	 4.400336e-03	-3.098998e-04	-4.950793e-05	 4.053361e-03	-1.287788e-06	-3.781351e-06	-6.077668e-06	
-6.750285e-07	-4.873066e-06	-1.487873e-06	 1.700533e-05	 1.455923e-04	-8.022303e-03	 1.946218e-02	-7.417580e-04	 1.041713e-01	-2.578773e-03	-2.123292e-03	-2.800042e-02	-7.660161e-02	-1.004762e-01	-1.259522e-01	-8.163652e-03	 8.771949e-03	 1.808463e-02	 1.335327e-02	-7.498435e-02	-4.118986e-04	 5.849997e-04	-3.098998e-04	 2.226711e-03	 1.671059e-04	 4.299871e-03	-2.046578e-06	-4.635481e-07	-2.037295e-05	
-5.195981e-07	 9.483617e-06	 1.023399e-06	-1.108533e-05	 4.777181e-04	 1.343387e-02	-4.984718e-03	 6.910783e-03	 4.962619e-03	 1.852978e-03	-4.999268e-02	 7.524838e-01	 8.555218e-02	-4.495071e-02	-9.189653e-02	 6.007745e-02	 1.108567e-02	-5.528792e-02	-5.024347e-02	-3.175317e-02	-8.863927e-05	-7.049171e-04	-4.950793e-05	 1.671059e-04	 6.974909e-03	 1.055800e-02	 1.506077e-05	-7.272930e-06	 4.826117e-06	
-2.003238e-06	-4.332611e-05	 6.398275e-06	 8.230896e-05	 2.351267e-03	-3.127416e-02	 7.582824e-02	-9.220329e-02	 1.024709e+00	-2.197370e-02	-7.518120e-02	 1.835701e+00	-3.920740e-01	-7.643502e-01	-1.335879e+00	-1.270502e-02	 8.029214e-02	-4.517812e-02	-9.084196e-02	-8.253813e-01	-1.112542e-03	-1.723689e-03	 4.053361e-03	 4.299871e-03	 1.055800e-02	 9.212741e-02	 2.870435e-05	-1.312660e-05	-1.242557e-04	
 1.972434e-09	-2.402213e-08	-1.200526e-08	 1.986197e-07	 3.222597e-06	 1.100041e-04	-1.273945e-04	 2.812806e-05	-9.917012e-05	 1.484635e-05	-2.624629e-04	 6.610189e-03	 3.110823e-04	-2.532109e-04	-4.819672e-04	 3.246443e-04	 2.412384e-04	-4.877656e-04	-3.438896e-04	-2.876955e-04	 2.572719e-06	-5.243711e-06	-1.287788e-06	-2.046578e-06	 1.506077e-05	 2.870435e-05	 3.441233e-07	-6.832651e-08	-1.885579e-07	
-4.804319e-10	 3.001983e-08	 6.483177e-09	-1.348030e-07	-9.570553e-07	-1.944041e-05	 1.337689e-06	-8.812724e-05	 4.007195e-04	-1.433378e-05	 1.362734e-04	-2.244102e-03	 1.098115e-04	 8.697529e-05	-4.856405e-04	-1.992305e-04	-9.476225e-05	 1.131314e-04	 3.432395e-04	 7.431946e-04	 1.795802e-06	 1.199202e-06	-3.781351e-06	-4.635481e-07	-7.272930e-06	-1.312660e-05	-6.832651e-08	 2.356616e-07	 9.911432e-08	
-2.411206e-08	 8.595313e-08	 6.249733e-09	-3.901903e-06	-1.664253e-05	 2.174597e-04	 2.893518e-05	 2.012961e-04	-3.486439e-03	 5.104740e-05	-3.604292e-04	 6.595780e-03	 4.354265e-03	 3.197191e-03	 5.862272e-03	 3.057703e-04	-3.214829e-04	 3.153432e-04	 2.960695e-04	 4.642579e-03	 1.146944e-05	 1.787365e-06	-6.077668e-06	-2.037295e-05	 4.826117e-06	-1.242557e-04	-1.885579e-07	 9.911432e-08	 4.150569e-06	
