#          omega_b,        omega_cdm,      100*theta_s,         tau_reio,          epsilon,                c,          A_s_inf,        A_cib_217,        xi_sz_cib,             A_sz,     ps_A_100_100,     ps_A_143_143,     ps_A_143_217,     ps_A_217_217,         ksz_norm,     gal545_A_100,     gal545_A_143, gal545_A_143_217,     gal545_A_217,    galf_TE_A_100, galf_TE_A_100_143, galf_TE_A_100_217,    galf_TE_A_143, galf_TE_A_143_217,    galf_TE_A_217,       calib_100T,       calib_217T,         A_planck
 1.9011576e-09	-9.0421708e-10	-2.3455778e-10	 1.0284111e-08	-2.3973033e-11	 4.8884650e-08	 6.3966959e-17	 3.9589341e-06	 1.7274658e-08	 3.6526231e-07	-3.6240500e-05	-4.7250960e-06	-5.3715810e-06	-9.5734369e-06	 2.8156801e-06	 1.9808531e-07	-1.7431530e-06	-4.7275469e-06	-9.6883710e-06	 3.2523401e-08	 1.0780002e-08	-5.7654464e-08	-1.1558150e-08	-1.0923418e-08	 2.9646123e-08	 2.5562501e-10	-3.8699776e-10	-7.8538194e-10	
-9.0421708e-10	 1.3880825e-08	 2.2360054e-09	-1.1754941e-07	 3.7630522e-10	-4.0263259e-07	-6.4454782e-16	-4.6552119e-05	 9.3587601e-09	-6.6667615e-06	 3.5462020e-04	 3.4227230e-05	 4.7838280e-05	 1.0243810e-04	-2.5725970e-05	-1.5706823e-06	 1.9308961e-05	 4.5595579e-05	 1.0121360e-04	-2.9857698e-07	-1.4153121e-08	 6.7690696e-07	 3.6631963e-07	 4.2223640e-07	 2.3287163e-07	-3.2561217e-09	 5.6137625e-09	 1.7607219e-08	
-2.3455778e-10	 2.2360054e-09	 2.4329439e-09	-2.6339416e-08	 5.6688968e-11	-1.3239352e-07	-1.6781972e-16	-1.0079630e-05	-5.3769128e-08	-8.2073499e-07	 9.5564280e-05	 1.3012940e-05	 1.4382140e-05	 2.4841160e-05	-7.5089043e-06	-5.3927287e-07	 4.4928841e-06	 1.2496890e-05	 2.5252440e-05	-8.6668643e-08	-3.2632900e-08	 1.4683870e-07	 1.8815109e-08	 1.4279791e-08	-1.0226257e-07	-6.3930528e-10	 9.3634845e-10	 1.6140146e-09	
 1.0284111e-08	-1.1754941e-07	-2.6339416e-08	 1.2472286e-06	-3.3779738e-09	 5.1952626e-06	 7.3444501e-15	 4.8546920e-04	 1.1319953e-06	 5.5799933e-05	-4.1120380e-03	-4.8039180e-04	-5.8756140e-04	-1.1269160e-03	 3.1100591e-04	 2.0769377e-05	-2.0824021e-04	-5.3332859e-04	-1.1290530e-03	 3.5989694e-06	 7.9921198e-07	-7.0651324e-06	-2.4868593e-06	-2.7032255e-06	 9.3628903e-07	 3.2508139e-08	-5.2391076e-08	-1.3517040e-07	
-2.3973033e-11	 3.7630522e-10	 5.6688968e-11	-3.3779738e-09	 1.8529290e-09	-1.3889551e-08	-2.2972864e-17	-1.6300378e-06	 1.3843838e-08	-2.2967668e-07	 1.0359830e-05	 8.9178090e-07	 1.5515891e-06	 3.2696931e-06	-7.3890778e-07	-4.5409797e-09	 6.5900609e-07	 1.4523171e-06	 3.2391051e-06	-8.1983851e-09	 1.0448803e-09	 2.5356339e-08	 1.6061171e-08	 1.9725138e-08	 2.4430274e-08	-1.1253415e-10	 1.8482992e-10	 6.5496204e-10	
 4.8884650e-08	-4.0263259e-07	-1.3239352e-07	 5.1952626e-06	-1.3889551e-08	 3.1328230e-05	 3.6211770e-14	 1.9985930e-03	 1.4425382e-05	 9.9212700e-05	-2.0431260e-02	-3.0397760e-03	-3.2245210e-03	-5.1468200e-03	 1.6625150e-03	 1.2648420e-04	-9.1678060e-04	-2.7109450e-03	-5.2770660e-03	 1.8834983e-05	 9.1619643e-06	-3.0233670e-05	 1.5349788e-06	 3.3978283e-06	 3.1571340e-05	 1.2265757e-07	-1.5866731e-07	-1.1701517e-07	
 6.3966959e-17	-6.4454782e-16	-1.6781972e-16	 7.3444501e-15	-2.2972864e-17	 3.6211770e-14	 1.8117024e-09	 2.8827245e-12	 1.0723175e-14	 2.5621876e-13	-2.6172610e-11	-3.4370158e-12	-3.9353593e-12	-6.9420587e-12	 2.0426377e-12	 1.3673227e-13	-1.2689142e-12	-3.4432939e-12	-7.0291999e-12	 2.3454547e-14	 7.8815889e-15	-4.2434982e-14	-8.3604091e-15	-8.1328419e-15	 1.9926418e-14	 1.8554081e-16	-2.7623454e-16	-5.5461434e-16	
 3.9589341e-06	-4.6552119e-05	-1.0079630e-05	 4.8546920e-04	-1.6300378e-06	 1.9985930e-03	 2.8827245e-12	 1.9487920e-01	 2.6809720e-04	 2.2562070e-02	-1.5938690e+00	-1.8433860e-01	-2.3038110e-01	-4.4569400e-01	 1.2065400e-01	 7.0117740e-03	-8.2631600e-02	-2.0853910e-01	-4.4479590e-01	 1.3878770e-03	 2.6554349e-04	-2.7844810e-03	-1.0821530e-03	-1.2004800e-03	 1.0902680e-04	 1.2948650e-05	-2.0953800e-05	-5.6580623e-05	
 1.7274658e-08	 9.3587601e-09	-5.3769128e-08	 1.1319953e-06	 1.3843838e-08	 1.4425382e-05	 1.0723175e-14	 2.6809720e-04	 2.2906168e-05	-1.4140080e-04	-7.2511880e-03	-1.6099090e-03	-1.2901210e-03	-1.3790340e-03	 7.0587100e-04	 8.7515641e-05	-1.8475560e-04	-9.6931960e-04	-1.5258660e-03	 8.1850411e-06	 8.1981026e-06	-4.3716894e-06	 1.4153637e-05	 1.8524735e-05	 4.1090635e-05	 6.1702588e-09	 3.1513360e-08	 4.6429375e-07	
 3.6526231e-07	-6.6667615e-06	-8.2073499e-07	 5.5799933e-05	-2.2967668e-07	 9.9212700e-05	 2.5621876e-13	 2.2562070e-02	-1.4140080e-04	 4.7074810e-03	-1.3662280e-01	-5.8392630e-03	-1.5218240e-02	-4.4273150e-02	 8.4856540e-03	 3.6004800e-04	-8.8307760e-03	-1.6866300e-02	-4.2445910e-02	 9.9532814e-05	-5.3472518e-05	-3.2568960e-04	-3.0139690e-04	-3.6177740e-04	-4.1245160e-04	 1.7000767e-06	-3.2977844e-06	-1.3049960e-05	
-3.6240500e-05	 3.5462020e-04	 9.5564280e-05	-4.1120380e-03	 1.0359830e-05	-2.0431260e-02	-2.6172610e-11	-1.5938690e+00	-7.2511880e-03	-1.3662280e-01	 1.4886340e+01	 2.0031110e+00	 2.2361970e+00	 3.8924190e+00	-1.1663730e+00	-8.6507270e-02	 7.0614340e-01	 1.9478190e+00	 3.9508380e+00	-1.3343190e-02	-4.9192430e-03	 2.3360520e-02	 3.5823260e-03	 3.1062430e-03	-1.4539360e-02	-1.0124140e-04	 1.4941040e-04	 2.7251520e-04	
-4.7250960e-06	 3.4227230e-05	 1.3012940e-05	-4.8039180e-04	 8.9178090e-07	-3.0397760e-03	-3.4370158e-12	-1.8433860e-01	-1.6099090e-03	-5.8392630e-03	 2.0031110e+00	 3.2401100e-01	 3.2502840e-01	 4.9229460e-01	-1.6519220e-01	-1.2041900e-02	 8.6331600e-02	 2.6522720e-01	 5.0704200e-01	-1.8719470e-03	-1.0215450e-03	 2.6104580e-03	-5.5494580e-04	-8.7647680e-04	-4.2061170e-03	-1.0413330e-05	 1.2476520e-05	-3.9822563e-06	
-5.3715810e-06	 4.7838280e-05	 1.4382140e-05	-5.8756140e-04	 1.5515891e-06	-3.2245210e-03	-3.9353593e-12	-2.3038110e-01	-1.2901210e-03	-1.5218240e-02	 2.2361970e+00	 3.2502840e-01	 3.5268620e-01	 5.8016660e-01	-1.8018170e-01	-1.1504200e-02	 1.0399630e-01	 2.9528940e-01	 5.8729360e-01	-2.0359930e-03	-8.5123180e-04	 3.2949860e-03	 1.5263690e-04	 1.6209860e-05	-3.0193570e-03	-1.4176190e-05	 1.9680350e-05	 2.6189641e-05	
-9.5734369e-06	 1.0243810e-04	 2.4841160e-05	-1.1269160e-03	 3.2696931e-06	-5.1468200e-03	-6.9420587e-12	-4.4569400e-01	-1.3790340e-03	-4.4273150e-02	 3.8924190e+00	 4.9229460e-01	 5.8016660e-01	 1.0574160e+00	-3.0199920e-01	-1.8678530e-02	 1.9336610e-01	 5.0976600e-01	 1.0597250e+00	-3.4497860e-03	-9.6421660e-04	 6.3842880e-03	 1.7310350e-03	 1.8194410e-03	-2.2182320e-03	-2.9012130e-05	 4.4912940e-05	 1.0331830e-04	
 2.8156801e-06	-2.5725970e-05	-7.5089043e-06	 3.1100591e-04	-7.3890778e-07	 1.6625150e-03	 2.0426377e-12	 1.2065400e-01	 7.0587100e-04	 8.4856540e-03	-1.1663730e+00	-1.6519220e-01	-1.8018170e-01	-3.0199920e-01	 9.3373250e-02	 6.7630820e-03	-5.4134150e-02	-1.5346000e-01	-3.0652520e-01	 1.0593430e-03	 4.3910900e-04	-1.7580650e-03	-1.2013380e-04	-5.2850910e-05	 1.4807810e-03	 7.5232650e-06	-1.0612080e-05	-1.5255291e-05	
 1.9808531e-07	-1.5706823e-06	-5.3927287e-07	 2.0769377e-05	-4.5409797e-09	 1.2648420e-04	 1.3673227e-13	 7.0117740e-03	 8.7515641e-05	 3.6004800e-04	-8.6507270e-02	-1.2041900e-02	-1.1504200e-02	-1.8678530e-02	 6.7630820e-03	 1.4992830e-03	-3.2618670e-03	-1.1061180e-02	-2.0661730e-02	 7.4611132e-05	 5.8054306e-05	-1.4632200e-04	 2.8060780e-05	 4.2217990e-05	 1.6776070e-04	 4.3785229e-07	-5.1444179e-07	 5.1866307e-07	
-1.7431530e-06	 1.9308961e-05	 4.4928841e-06	-2.0824021e-04	 6.5900609e-07	-9.1678060e-04	-1.2689142e-12	-8.2631600e-02	-1.8475560e-04	-8.8307760e-03	 7.0614340e-01	 8.6331600e-02	 1.0399630e-01	 1.9336610e-01	-5.4134150e-02	-3.2618670e-03	 3.5694710e-02	 9.2380640e-02	 1.9369160e-01	-6.2038060e-04	-1.5257600e-04	 1.1906550e-03	 3.7623130e-04	 4.0887400e-04	-2.5786110e-04	-5.4458441e-06	 8.5780401e-06	 2.1115052e-05	
-4.7275469e-06	 4.5595579e-05	 1.2496890e-05	-5.3332859e-04	 1.4523171e-06	-2.7109450e-03	-3.4432939e-12	-2.0853910e-01	-9.6931960e-04	-1.6866300e-02	 1.9478190e+00	 2.6522720e-01	 2.9528940e-01	 5.0976600e-01	-1.5346000e-01	-1.1061180e-02	 9.2380640e-02	 2.5631010e-01	 5.1814450e-01	-1.7551250e-03	-6.6274190e-04	 3.0484180e-03	 4.2036430e-04	 3.4965130e-04	-1.9662640e-03	-1.3151000e-05	 1.9142470e-05	 3.3588260e-05	
-9.6883710e-06	 1.0121360e-04	 2.5252440e-05	-1.1290530e-03	 3.2391051e-06	-5.2770660e-03	-7.0291999e-12	-4.4479590e-01	-1.5258660e-03	-4.2445910e-02	 3.9508380e+00	 5.0704200e-01	 5.8729360e-01	 1.0597250e+00	-3.0652520e-01	-2.0661730e-02	 1.9369160e-01	 5.1814450e-01	 1.0695110e+00	-3.5181740e-03	-1.0854710e-03	 6.4356330e-03	 1.5364490e-03	 1.5497360e-03	-2.6295140e-03	-2.8685740e-05	 4.3816480e-05	 9.5336649e-05	
 3.2523401e-08	-2.9857698e-07	-8.6668643e-08	 3.5989694e-06	-8.1983851e-09	 1.8834983e-05	 2.3454547e-14	 1.3878770e-03	 8.1850411e-06	 9.9532814e-05	-1.3343190e-02	-1.8719470e-03	-2.0359930e-03	-3.4497860e-03	 1.0593430e-03	 7.4611132e-05	-6.2038060e-04	-1.7551250e-03	-3.5181740e-03	 1.2275866e-05	 4.9278671e-06	-2.0010917e-05	-1.6568703e-06	-6.7344204e-07	 1.6303192e-05	 8.6152914e-08	-1.2315506e-07	-1.8431706e-07	
 1.0780002e-08	-1.4153121e-08	-3.2632900e-08	 7.9921198e-07	 1.0448803e-09	 9.1619643e-06	 7.8815889e-15	 2.6554349e-04	 8.1981026e-06	-5.3472518e-05	-4.9192430e-03	-1.0215450e-03	-8.5123180e-04	-9.6421660e-04	 4.3910900e-04	 5.8054306e-05	-1.5257600e-04	-6.6274190e-04	-1.0854710e-03	 4.9278671e-06	 4.8727898e-06	-4.7180560e-06	 7.0398189e-06	 9.2690314e-06	 2.1388198e-05	 8.5436293e-09	 1.1032688e-08	 2.3969232e-07	
-5.7654464e-08	 6.7690696e-07	 1.4683870e-07	-7.0651324e-06	 2.5356339e-08	-3.0233670e-05	-4.2434982e-14	-2.7844810e-03	-4.3716894e-06	-3.2568960e-04	 2.3360520e-02	 2.6104580e-03	 3.2949860e-03	 6.3842880e-03	-1.7580650e-03	-1.4632200e-04	 1.1906550e-03	 3.0484180e-03	 6.4356330e-03	-2.0010917e-05	-4.7180560e-06	 4.3381323e-05	 1.5254630e-05	 1.7335405e-05	 2.9344244e-07	-1.9081351e-07	 3.0355626e-07	 7.9220337e-07	
-1.1558150e-08	 3.6631963e-07	 1.8815109e-08	-2.4868593e-06	 1.6061171e-08	 1.5349788e-06	-8.3604091e-15	-1.0821530e-03	 1.4153637e-05	-3.0139690e-04	 3.5823260e-03	-5.5494580e-04	 1.5263690e-04	 1.7310350e-03	-1.2013380e-04	 2.8060780e-05	 3.7623130e-04	 4.2036430e-04	 1.5364490e-03	-1.6568703e-06	 7.0398189e-06	 1.5254630e-05	 2.3236705e-05	 2.8522780e-05	 4.3008449e-05	-9.1219915e-08	 1.9705036e-07	 9.4173655e-07	
-1.0923418e-08	 4.2223640e-07	 1.4279791e-08	-2.7032255e-06	 1.9725138e-08	 3.3978283e-06	-8.1328419e-15	-1.2004800e-03	 1.8524735e-05	-3.6177740e-04	 3.1062430e-03	-8.7647680e-04	 1.6209860e-05	 1.8194410e-03	-5.2850910e-05	 4.2217990e-05	 4.0887400e-04	 3.4965130e-04	 1.5497360e-03	-6.7344204e-07	 9.2690314e-06	 1.7335405e-05	 2.8522780e-05	 3.5711933e-05	 5.5299978e-05	-1.0650722e-07	 2.3307419e-07	 1.1530495e-06	
 2.9646123e-08	 2.3287163e-07	-1.0226257e-07	 9.3628903e-07	 2.4430274e-08	 3.1571340e-05	 1.9926418e-14	 1.0902680e-04	 4.1090635e-05	-4.1245160e-04	-1.4539360e-02	-4.2061170e-03	-3.0193570e-03	-2.2182320e-03	 1.4807810e-03	 1.6776070e-04	-2.5786110e-04	-1.9662640e-03	-2.6295140e-03	 1.6303192e-05	 2.1388198e-05	 2.9344244e-07	 4.3008449e-05	 5.5299978e-05	 1.1637400e-04	-4.4864380e-08	 1.8744197e-07	 1.5401040e-06	
 2.5562501e-10	-3.2561217e-09	-6.3930528e-10	 3.2508139e-08	-1.1253415e-10	 1.2265757e-07	 1.8554081e-16	 1.2948650e-05	 6.1702588e-09	 1.7000767e-06	-1.0124140e-04	-1.0413330e-05	-1.4176190e-05	-2.9012130e-05	 7.5232650e-06	 4.3785229e-07	-5.4458441e-06	-1.3151000e-05	-2.8685740e-05	 8.6152914e-08	 8.5436293e-09	-1.9081351e-07	-9.1219915e-08	-1.0650722e-07	-4.4864380e-08	 2.7169668e-09	-1.5132684e-09	-4.5184837e-09	
-3.8699776e-10	 5.6137625e-09	 9.3634845e-10	-5.2391076e-08	 1.8482992e-10	-1.5866731e-07	-2.7623454e-16	-2.0953800e-05	 3.1513360e-08	-3.2977844e-06	 1.4941040e-04	 1.2476520e-05	 1.9680350e-05	 4.4912940e-05	-1.0612080e-05	-5.1444179e-07	 8.5780401e-06	 1.9142470e-05	 4.3816480e-05	-1.2315506e-07	 1.1032688e-08	 3.0355626e-07	 1.9705036e-07	 2.3307419e-07	 1.8744197e-07	-1.5132684e-09	 4.5053387e-09	 9.1487308e-09	
-7.8538194e-10	 1.7607219e-08	 1.6140146e-09	-1.3517040e-07	 6.5496204e-10	-1.1701517e-07	-5.5461434e-16	-5.6580623e-05	 4.6429375e-07	-1.3049960e-05	 2.7251520e-04	-3.9822563e-06	 2.6189641e-05	 1.0331830e-04	-1.5255291e-05	 5.1866307e-07	 2.1115052e-05	 3.3588260e-05	 9.5336649e-05	-1.8431706e-07	 2.3969232e-07	 7.9220337e-07	 9.4173655e-07	 1.1530495e-06	 1.5401040e-06	-4.5184837e-09	 9.1487308e-09	 4.1675593e-08	
